fecha	objective	metric	first_metric_only	boost_from_average	feature_pre_filter	verbosity	seed	max_depth	min_gain_to_split	max_bin	num_iterations	force_row_wise	learning_rate	feature_fraction	min_data_in_leaf	num_leaves	lambda_l1	lambda_l2	prob_corte	ganancia	iteracion
20220411 222134	binary	custom	TRUE	TRUE	FALSE	-100	999983	-1	0	31	178	TRUE	0.0393191811962918	0.450656295751521	2158	24	20	18	0.0228910281302801	12289000	1
20220411 222207	binary	custom	TRUE	TRUE	FALSE	-100	999983	-1	0	31	136	TRUE	0.0349121861816717	0.434070082091161	2550	20	5	20	0.0263495380892501	12064000	2
20220411 222249	binary	custom	TRUE	TRUE	FALSE	-100	999983	-1	0	31	315	TRUE	0.0284028744394891	0.46269959986925	2378	18	23	12	0.0474326540970997	7251000	3
20220411 222344	binary	custom	TRUE	TRUE	FALSE	-100	999983	-1	0	31	346	TRUE	0.0273122887063905	0.439843761098538	2193	19	7	23	0.0407121629768794	9927000	4
20220411 222435	binary	custom	TRUE	TRUE	FALSE	-100	999983	-1	0	31	415	TRUE	0.025536327413117	0.447435870363344	2907	30	26	26	0.0187670312622296	12793000	5
20220411 222513	binary	custom	TRUE	TRUE	FALSE	-100	999983	-1	0	31	191	TRUE	0.0286053634218739	0.408882770051215	2779	15	9	10	0.0247591339251986	12262000	6
20220411 222607	binary	custom	TRUE	TRUE	FALSE	-100	999983	-1	0	31	479	TRUE	0.026306417396159	0.460629505569315	2614	11	8	21	0.0145649863447207	13492000	7
20220411 222646	binary	custom	TRUE	TRUE	FALSE	-100	999983	-1	0	31	202	TRUE	0.0265614977846521	0.482177830291247	2324	22	16	9	0.0362851752993828	10212000	8
20220411 222729	binary	custom	TRUE	TRUE	FALSE	-100	999983	-1	0	31	433	TRUE	0.0316664742236026	0.428789450141734	2833	8	13	15	0.0449524566337849	9239000	9
20220411 222758	binary	custom	TRUE	TRUE	FALSE	-100	999983	-1	0	31	195	TRUE	0.0326136444239611	0.472588710153442	2222	10	11	0	0.0113956371994434	13039000	10
20220411 222829	binary	custom	TRUE	TRUE	FALSE	-100	999983	-1	0	31	193	TRUE	0.0370685589376704	0.425357814617122	2728	25	22	29	0.0302734435853338	11368000	11
20220411 222910	binary	custom	TRUE	TRUE	FALSE	-100	999983	-1	0	31	205	TRUE	0.0363180677396511	0.444881398530145	2085	28	1	6	0.0330361380008981	10635000	12
20220411 222944	binary	custom	TRUE	TRUE	FALSE	-100	999983	-1	0	31	239	TRUE	0.0298642468658675	0.47959980098198	2454	7	30	16	0.0202984189751164	12488000	13
20220411 223010	binary	custom	TRUE	TRUE	FALSE	-100	999983	-1	0	31	168	TRUE	0.0351624430278649	0.402591837442014	2401	12	5	2	0.045985185996341	8780000	14
20220411 223120	binary	custom	TRUE	TRUE	FALSE	-100	999983	-1	0	31	610	TRUE	0.0204796134933297	0.495648000667903	2596	17	26	28	0.0337403157071094	10674000	15
20220411 223156	binary	custom	TRUE	TRUE	FALSE	-100	999983	-1	0	31	187	TRUE	0.0231232590268233	0.437505013323555	2261	27	27	15	0.0239153994451044	12193000	16
20220411 223237	binary	custom	TRUE	TRUE	FALSE	-100	999983	-1	0	31	253	TRUE	0.0238642264270623	0.465205654409614	2798	14	21	1	0.0312626339186127	11396000	17
20220411 223324	binary	custom	TRUE	TRUE	FALSE	-100	999983	-1	0	31	218	TRUE	0.0312607635873636	0.455623961635034	2650	28	0	22	0.0413807441421557	9409000	18
20220411 223404	binary	custom	TRUE	TRUE	FALSE	-100	999983	-1	0	31	336	TRUE	0.0330761726173971	0.412136411177094	2119	9	19	19	0.0165766383706276	13120000	19
20220411 223445	binary	custom	TRUE	TRUE	FALSE	-100	999983	-1	0	31	328	TRUE	0.0300813105437971	0.422288079308679	2951	31	24	8	0.0279501665980206	11590000	20
20220411 223512	binary	custom	TRUE	TRUE	FALSE	-100	999983	-1	0	31	53	TRUE	0.0247800485931137	0.470320502335172	2003	23	17	30	0.00850473723181668	12303000	21
20220411 223604	binary	custom	TRUE	TRUE	FALSE	-100	999983	-1	0	31	528	TRUE	0.0222677661964138	0.49059412164913	2535	6	3	11	0.0381421631008769	10139000	22
20220411 223651	binary	custom	TRUE	TRUE	FALSE	-100	999983	-1	0	31	368	TRUE	0.0385238665856221	0.498940428306482	2493	29	15	13	0.0128391044021728	13098000	23
20220411 223721	binary	custom	TRUE	TRUE	FALSE	-100	999983	-1	0	31	198	TRUE	0.0390843454013313	0.488780650190477	2863	11	12	4	0.0440069442229634	8904000	24
20220411 223820	binary	custom	TRUE	TRUE	FALSE	-100	999983	-1	0	31	336	TRUE	0.0216185101198166	0.415171084672745	2043	22	10	6	0.0375216945102217	10153000	25
20220411 223922	binary	custom	TRUE	TRUE	FALSE	-100	999983	-1	0	31	462	TRUE	0.0210015712992754	0.404586260426523	2992	16	17	26	0.0180546648222454	13202000	26
20220411 223951	binary	custom	TRUE	TRUE	FALSE	-100	999983	-1	0	31	176	TRUE	0.0374000308757448	0.418133480303056	2685	14	2	3	0.0101739731082316	12335000	27
20220411 224040	binary	custom	TRUE	TRUE	FALSE	-100	999983	-1	0	31	455	TRUE	0.0342097661950226	0.475644188040834	2321	21	29	25	0.0492453258528258	6329000	28
20220411 224125	binary	custom	TRUE	TRUE	FALSE	-100	999983	-1	0	31	278	TRUE	0.0283129726079187	0.454000342316572	2580	15	15	17	0.0151234541426804	13104000	29
20220411 224206	binary	custom	TRUE	TRUE	FALSE	-100	999983	-1	0	31	426	TRUE	0.0342273696288318	0.495890037812178	2278	6	5	26	0.0143190094800905	13526000	30
20220411 224242	binary	custom	TRUE	TRUE	FALSE	-100	999983	-1	0	31	322	TRUE	0.0236280640853554	0.432893036454759	2293	6	6	30	0.0172184429913541	13251000	31
20220411 224328	binary	custom	TRUE	TRUE	FALSE	-100	999983	-1	0	31	385	TRUE	0.0295171462946174	0.494636394656264	2992	7	7	25	0.0136548511170428	13231000	32
20220411 224413	binary	custom	TRUE	TRUE	FALSE	-100	999983	-1	0	31	404	TRUE	0.0356442851158713	0.480714599943909	2242	10	7	22	0.0137458879878127	13500000	33
20220411 224459	binary	custom	TRUE	TRUE	FALSE	-100	999983	-1	0	31	407	TRUE	0.0244378177583341	0.499969525348096	2272	9	3	19	0.0141314213058067	13461000	34
20220411 224608	binary	custom	TRUE	TRUE	FALSE	-100	999983	-1	0	31	419	TRUE	0.0307247017967471	0.491870707130734	2455	27	1	25	0.0143903567784999	13484000	35
20220411 224707	binary	custom	TRUE	TRUE	FALSE	-100	999983	-1	0	31	613	TRUE	0.0311398541004253	0.486102704870704	2440	10	1	24	0.0143258515903817	13609000	36
20220411 224805	binary	custom	TRUE	TRUE	FALSE	-100	999983	-1	0	31	439	TRUE	0.0200334919121679	0.473118194534097	2808	13	0	24	0.0160572104638831	13428000	37
20220411 224946	binary	custom	TRUE	TRUE	FALSE	-100	999983	-1	0	31	629	TRUE	0.0204561057412653	0.400072227050663	2745	29	3	27	0.0145295486567396	13469000	38
20220411 225028	binary	custom	TRUE	TRUE	FALSE	-100	999983	-1	0	31	369	TRUE	0.0229897547898202	0.402113428704293	2723	8	0	26	0.0143386226462946	13528000	39
20220411 225122	binary	custom	TRUE	TRUE	FALSE	-100	999983	-1	0	31	261	TRUE	0.023117710811808	0.473955120281567	2691	24	0	29	0.0130957619352159	13444000	40
20220411 225159	binary	custom	TRUE	TRUE	FALSE	-100	999983	-1	0	31	142	TRUE	0.0276113961621149	0.401069919632437	2524	22	5	30	0.0155255663723159	13395000	41
20220411 225244	binary	custom	TRUE	TRUE	FALSE	-100	999983	-1	0	31	495	TRUE	0.0307202223871817	0.482389115799451	2100	6	0	14	0.0143572746032156	13444000	42
20220411 225340	binary	custom	TRUE	TRUE	FALSE	-100	999983	-1	0	31	272	TRUE	0.0249456863145042	0.43493324143737	2981	26	0	26	0.015081052635696	13304000	43
20220411 225427	binary	custom	TRUE	TRUE	FALSE	-100	999983	-1	0	31	489	TRUE	0.0223696476586179	0.463273094839518	2532	6	0	24	0.0135749284885967	13608000	44
20220411 225535	binary	custom	TRUE	TRUE	FALSE	-100	999983	-1	0	31	666	TRUE	0.0200206595806965	0.419939972565957	2572	11	4	25	0.0140841512924374	13478000	45
20220411 225612	binary	custom	TRUE	TRUE	FALSE	-100	999983	-1	0	31	301	TRUE	0.0302402777972402	0.472104040791703	2456	6	1	23	0.0137472613225548	13226000	46
20220411 225653	binary	custom	TRUE	TRUE	FALSE	-100	999983	-1	0	31	278	TRUE	0.0340328083469685	0.499373260226933	2095	15	0	24	0.0154955315646742	13713000	47
20220411 225727	binary	custom	TRUE	TRUE	FALSE	-100	999983	-1	0	31	257	TRUE	0.0347089588035396	0.49849825327918	2121	12	1	7	0.0152612271811267	13602000	48
20220411 225754	binary	custom	TRUE	TRUE	FALSE	-100	999983	-1	0	31	104	TRUE	0.0334613842754687	0.493163169065921	2579	15	7	30	0.0153641384051879	13225000	49
20220411 225818	binary	custom	TRUE	TRUE	FALSE	-100	999983	-1	0	31	132	TRUE	0.0397924085216812	0.496987400107605	2000	11	0	17	0.0140868980885201	13658000	50
20220411 225910	binary	custom	TRUE	TRUE	FALSE	-100	999983	-1	0	31	393	TRUE	0.0228649124841301	0.400211648668659	2059	14	0	24	0.0148587092238993	13502000	51
20220411 230007	binary	custom	TRUE	TRUE	FALSE	-100	999983	-1	0	31	465	TRUE	0.0208694123261746	0.462227478186806	2792	11	2	20	0.0119221839280917	13314000	52
20220411 230043	binary	custom	TRUE	TRUE	FALSE	-100	999983	-1	0	31	183	TRUE	0.0348099807647019	0.492457683854125	2000	21	0	21	0.014301456645834	13533000	53
20220411 230114	binary	custom	TRUE	TRUE	FALSE	-100	999983	-1	0	31	230	TRUE	0.035521424613584	0.499699684450518	2081	10	3	22	0.0149330428630888	13410000	54
20220411 230146	binary	custom	TRUE	TRUE	FALSE	-100	999983	-1	0	31	133	TRUE	0.0399499322596667	0.495091972176393	2266	18	0	17	0.0138731630045641	13524000	55
20220411 230223	binary	custom	TRUE	TRUE	FALSE	-100	999983	-1	0	31	213	TRUE	0.0207377649645965	0.400198884309281	2769	7	24	26	0.0128023345020567	12540000	56
20220411 230319	binary	custom	TRUE	TRUE	FALSE	-100	999983	-1	0	31	613	TRUE	0.0399907049127272	0.487986806338479	2179	8	13	10	0.0131593928656922	12989000	57
20220411 230438	binary	custom	TRUE	TRUE	FALSE	-100	999983	-1	0	31	625	TRUE	0.0329008139412806	0.400458915075419	2205	31	8	25	0.0141004788533413	13712000	58
20220411 230532	binary	custom	TRUE	TRUE	FALSE	-100	999983	-1	0	31	258	TRUE	0.0329530898102486	0.416501205747808	2196	30	0	25	0.0146094876852326	13476000	59
20220411 230708	binary	custom	TRUE	TRUE	FALSE	-100	999983	-1	0	31	839	TRUE	0.0247668828736073	0.40030834195981	2338	31	9	24	0.0144462925805399	13349000	60
20220411 230816	binary	custom	TRUE	TRUE	FALSE	-100	999983	-1	0	31	559	TRUE	0.0330656247060583	0.400220589023575	2222	23	9	26	0.0136447208257206	13361000	61
20220411 230843	binary	custom	TRUE	TRUE	FALSE	-100	999983	-1	0	31	49	TRUE	0.0329114482373103	0.473395797200692	2159	31	8	19	0.0141603431325922	13142000	62
20220411 230928	binary	custom	TRUE	TRUE	FALSE	-100	999983	-1	0	31	401	TRUE	0.0385874847012155	0.406146017085685	2630	31	17	25	0.0143584720103879	13124000	63
20220411 231009	binary	custom	TRUE	TRUE	FALSE	-100	999983	-1	0	31	273	TRUE	0.0233426644251381	0.489233315703183	2251	12	0	27	0.0134707527258043	13560000	64
20220411 231110	binary	custom	TRUE	TRUE	FALSE	-100	999983	-1	0	31	415	TRUE	0.0256723090531314	0.495681945374287	2603	20	0	3	0.0143138948345626	13390000	65
20220411 231144	binary	custom	TRUE	TRUE	FALSE	-100	999983	-1	0	31	215	TRUE	0.0338271601591218	0.400001023644834	2032	31	19	27	0.0179961643361469	13111000	66
20220411 231220	binary	custom	TRUE	TRUE	FALSE	-100	999983	-1	0	31	232	TRUE	0.0336824100616838	0.495743157582877	2255	13	0	22	0.0133334805022103	13382000	67
20220411 231315	binary	custom	TRUE	TRUE	FALSE	-100	999983	-1	0	31	384	TRUE	0.0227642811671226	0.49095565840969	2000	15	0	7	0.0157593748318017	13866000	68
20220411 231410	binary	custom	TRUE	TRUE	FALSE	-100	999983	-1	0	31	358	TRUE	0.0277257970973445	0.488200572788254	2000	15	1	13	0.0166841408949847	13728000	69
20220411 231440	binary	custom	TRUE	TRUE	FALSE	-100	999983	-1	0	31	129	TRUE	0.0225388267942529	0.489822866520344	2000	11	0	0	0.0148188553576145	13351000	70
20220411 231608	binary	custom	TRUE	TRUE	FALSE	-100	999983	-1	0	31	878	TRUE	0.020177867079298	0.485599496226481	2422	11	7	8	0.014379151646081	13684000	71
20220411 231654	binary	custom	TRUE	TRUE	FALSE	-100	999983	-1	0	31	211	TRUE	0.0236540771578645	0.495794707205071	2001	18	0	7	0.0101544499804104	12552000	72
20220411 231738	binary	custom	TRUE	TRUE	FALSE	-100	999983	-1	0	31	324	TRUE	0.0226830873780752	0.429658413893878	2001	11	0	7	0.0165283995227845	13545000	73
20220411 231823	binary	custom	TRUE	TRUE	FALSE	-100	999983	-1	0	31	273	TRUE	0.0387202537153186	0.400075000733456	2039	22	2	27	0.0158944991459969	13573000	74
20220411 231854	binary	custom	TRUE	TRUE	FALSE	-100	999983	-1	0	31	170	TRUE	0.0319791614749586	0.400079707536798	2200	15	0	11	0.0185391373141447	13384000	75
20220411 231941	binary	custom	TRUE	TRUE	FALSE	-100	999983	-1	0	31	355	TRUE	0.023919039910766	0.400336706696282	2236	12	0	25	0.0200057860132571	13340000	76
20220411 232047	binary	custom	TRUE	TRUE	FALSE	-100	999983	-1	0	31	564	TRUE	0.0204689648821605	0.488149328278996	2546	12	0	26	0.0143541866164438	13581000	77
20220411 232147	binary	custom	TRUE	TRUE	FALSE	-100	999983	-1	0	31	357	TRUE	0.0231039092549985	0.485199239324145	2279	19	7	5	0.0175404664666094	13452000	78
20220411 232245	binary	custom	TRUE	TRUE	FALSE	-100	999983	-1	0	31	517	TRUE	0.0224582831304174	0.480010874516531	2247	11	1	12	0.0157051255914397	13486000	79
20220411 232342	binary	custom	TRUE	TRUE	FALSE	-100	999983	-1	0	31	467	TRUE	0.0210736996154242	0.471098858362722	2952	10	16	3	0.0140780342317169	13055000	80
20220411 232433	binary	custom	TRUE	TRUE	FALSE	-100	999983	-1	0	31	317	TRUE	0.0249018048323025	0.484304459343055	2000	14	8	7	0.0148607319667513	13614000	81
20220411 232511	binary	custom	TRUE	TRUE	FALSE	-100	999983	-1	0	31	159	TRUE	0.036820858473399	0.400201728496256	2047	31	0	7	0.0152373777474631	13606000	82
20220411 232621	binary	custom	TRUE	TRUE	FALSE	-100	999983	-1	0	31	712	TRUE	0.0201448910867123	0.455271550117776	2855	9	7	29	0.0140611687311046	13301000	83
20220411 232652	binary	custom	TRUE	TRUE	FALSE	-100	999983	-1	0	31	183	TRUE	0.0383870682926226	0.412164042018959	2001	16	2	14	0.0156983633103558	13389000	84
20220411 232722	binary	custom	TRUE	TRUE	FALSE	-100	999983	-1	0	31	123	TRUE	0.0394761396388058	0.485210539196376	2079	23	0	4	0.017027246943772	13852000	85
20220411 232755	binary	custom	TRUE	TRUE	FALSE	-100	999983	-1	0	31	148	TRUE	0.0383081343585027	0.463907398641303	2001	24	0	5	0.0172386183528651	13669000	86
20220411 232828	binary	custom	TRUE	TRUE	FALSE	-100	999983	-1	0	31	117	TRUE	0.0398659412723915	0.497478699005678	2081	25	0	4	0.0163165214303212	13477000	87
20220411 232901	binary	custom	TRUE	TRUE	FALSE	-100	999983	-1	0	31	215	TRUE	0.0372146425688939	0.48429796049007	2084	15	0	5	0.0170559091550993	13666000	88
20220411 232938	binary	custom	TRUE	TRUE	FALSE	-100	999983	-1	0	31	149	TRUE	0.038630683811563	0.483548137244868	2652	29	0	8	0.0169842018060134	13601000	89
20220411 233019	binary	custom	TRUE	TRUE	FALSE	-100	999983	-1	0	31	371	TRUE	0.0210063151739041	0.400261132197386	2019	6	5	5	0.0155579466804071	13694000	90
20220411 233051	binary	custom	TRUE	TRUE	FALSE	-100	999983	-1	0	31	207	TRUE	0.0382594238600049	0.478681427806122	2658	29	10	0	0.0141116764728511	13274000	91
20220411 233130	binary	custom	TRUE	TRUE	FALSE	-100	999983	-1	0	31	223	TRUE	0.0394450659367598	0.485397056050642	2172	22	0	26	0.0169185002084518	13615000	92
20220411 233221	binary	custom	TRUE	TRUE	FALSE	-100	999983	-1	0	31	407	TRUE	0.0200385592384599	0.400005906891935	2646	7	2	18	0.0173650337068905	13386000	93
20220411 233314	binary	custom	TRUE	TRUE	FALSE	-100	999983	-1	0	31	445	TRUE	0.0231894265782373	0.403115793986904	2000	13	0	0	0.0161128167408096	13393000	94
20220411 233350	binary	custom	TRUE	TRUE	FALSE	-100	999983	-1	0	31	155	TRUE	0.0330616313855514	0.484997413580827	2032	22	0	7	0.0157408451030939	13715000	95
20220411 233502	binary	custom	TRUE	TRUE	FALSE	-100	999983	-1	0	31	408	TRUE	0.0222247798196787	0.400187725219749	2001	25	6	7	0.0179742894394684	13415000	96
20220411 233604	binary	custom	TRUE	TRUE	FALSE	-100	999983	-1	0	31	348	TRUE	0.022301131100158	0.488559560737555	2971	27	8	16	0.0142376731550706	13336000	97
20220411 233642	binary	custom	TRUE	TRUE	FALSE	-100	999983	-1	0	31	146	TRUE	0.0397555025136068	0.401791192210048	2193	30	7	3	0.0178556686525553	13399000	98
20220411 233728	binary	custom	TRUE	TRUE	FALSE	-100	999983	-1	0	31	223	TRUE	0.0274306528054395	0.49040938867695	2001	21	0	7	0.0197571667758421	13418000	99
20220411 233823	binary	custom	TRUE	TRUE	FALSE	-100	999983	-1	0	31	332	TRUE	0.0375194374998396	0.481629089880431	2822	30	8	25	0.0133953896238751	13201000	100
20220411 233857	binary	custom	TRUE	TRUE	FALSE	-100	999983	-1	0	31	163	TRUE	0.0399711962410522	0.466084042488015	2398	25	0	0	0.0175294963899715	13450000	101
20220411 233933	binary	custom	TRUE	TRUE	FALSE	-100	999983	-1	0	31	226	TRUE	0.0333863310377078	0.400056302484162	2842	16	1	25	0.0183208736082342	13468000	102
20220411 234015	binary	custom	TRUE	TRUE	FALSE	-100	999983	-1	0	31	198	TRUE	0.0206863009381666	0.49993393636889	2664	15	27	8	0.0144794195905205	12715000	103
20220411 234105	binary	custom	TRUE	TRUE	FALSE	-100	999983	-1	0	31	239	TRUE	0.0354882893737135	0.400118030752591	2103	31	2	24	0.0167981712243714	13357000	104
20220411 234127	binary	custom	TRUE	TRUE	FALSE	-100	999983	-1	0	31	59	TRUE	0.038923138161969	0.460308007444848	2007	15	0	27	0.0144108378910945	13158000	105
20220411 234253	binary	custom	TRUE	TRUE	FALSE	-100	999983	-1	0	31	492	TRUE	0.0200933649023782	0.456231641776016	2626	24	5	6	0.0139002018667006	13324000	106
20220411 234329	binary	custom	TRUE	TRUE	FALSE	-100	999983	-1	0	31	240	TRUE	0.0217897010021688	0.411255352448904	2972	8	0	27	0.0194164281969843	13410000	107
20220411 234430	binary	custom	TRUE	TRUE	FALSE	-100	999983	-1	0	31	629	TRUE	0.0293600559968123	0.401940661483834	2002	11	7	6	0.0143281924260623	13417000	108
20220411 234558	binary	custom	TRUE	TRUE	FALSE	-100	999983	-1	0	31	765	TRUE	0.0222117635002311	0.487317155564989	2001	15	6	25	0.015827374305818	13584000	109
20220411 234644	binary	custom	TRUE	TRUE	FALSE	-100	999983	-1	0	31	217	TRUE	0.0252822092469303	0.488522199215605	2999	22	0	7	0.0184176783902212	13705000	110
20220411 234731	binary	custom	TRUE	TRUE	FALSE	-100	999983	-1	0	31	241	TRUE	0.0378677827229044	0.488368108588493	2819	22	6	12	0.0186617098789253	13480000	111
20220411 234848	binary	custom	TRUE	TRUE	FALSE	-100	999983	-1	0	31	508	TRUE	0.0211878009748068	0.436337151385116	2874	22	0	14	0.0189544751841624	13562000	112
20220411 234927	binary	custom	TRUE	TRUE	FALSE	-100	999983	-1	0	31	168	TRUE	0.0220597016088585	0.406713920859645	2991	18	0	7	0.0181869576292029	13409000	113
20220411 235008	binary	custom	TRUE	TRUE	FALSE	-100	999983	-1	0	31	174	TRUE	0.0397529925342409	0.480010236491708	2989	29	0	4	0.0191954296513098	13484000	114
20220411 235114	binary	custom	TRUE	TRUE	FALSE	-100	999983	-1	0	31	393	TRUE	0.0247392846889152	0.485017960704524	2884	23	0	24	0.0193803470485358	13455000	115
20220411 235212	binary	custom	TRUE	TRUE	FALSE	-100	999983	-1	0	31	249	TRUE	0.0225692772750234	0.48260427455785	2764	25	0	7	0.018513311181197	13637000	116
20220411 235304	binary	custom	TRUE	TRUE	FALSE	-100	999983	-1	0	31	288	TRUE	0.0220067292743737	0.460263844664477	3000	17	0	10	0.0190617453152445	13470000	117
20220411 235414	binary	custom	TRUE	TRUE	FALSE	-100	999983	-1	0	31	811	TRUE	0.0226398232419585	0.436965563626748	2720	8	9	24	0.0190954936917486	13431000	118
20220411 235458	binary	custom	TRUE	TRUE	FALSE	-100	999983	-1	0	31	390	TRUE	0.0200105491941488	0.440504113733584	2708	6	0	8	0.0144332640456956	13453000	119
20220411 235557	binary	custom	TRUE	TRUE	FALSE	-100	999983	-1	0	31	360	TRUE	0.0331384935215437	0.400894484753743	2777	31	0	14	0.0141808795746485	13352000	120
20220411 235651	binary	custom	TRUE	TRUE	FALSE	-100	999983	-1	0	31	340	TRUE	0.0247566734651031	0.486354918063285	2499	13	10	25	0.0137629398760381	13275000	121
20220411 235751	binary	custom	TRUE	TRUE	FALSE	-100	999983	-1	0	31	402	TRUE	0.0225019512034041	0.498168177863797	2919	18	0	9	0.015536987212487	13684000	122
20220411 235837	binary	custom	TRUE	TRUE	FALSE	-100	999983	-1	0	31	221	TRUE	0.0298889202623559	0.496841470048355	2895	23	0	9	0.0171923536296614	13575000	123
20220411 235933	binary	custom	TRUE	TRUE	FALSE	-100	999983	-1	0	31	289	TRUE	0.0214034512194486	0.458782994356422	2628	31	0	19	0.0111729398132383	13225000	124
20220412 000047	binary	custom	TRUE	TRUE	FALSE	-100	999983	-1	0	31	839	TRUE	0.020768683495993	0.405855589648495	2153	6	29	16	0.0195403927112457	12483000	125
20220412 000124	binary	custom	TRUE	TRUE	FALSE	-100	999983	-1	0	31	177	TRUE	0.0390105688479351	0.430787516860594	2000	23	7	5	0.0187855855908481	13199000	126
20220412 000145	binary	custom	TRUE	TRUE	FALSE	-100	999983	-1	0	31	124	TRUE	0.0398342427706825	0.475549591065259	2115	31	20	1	0.0179073499544603	12996000	127
20220412 000223	binary	custom	TRUE	TRUE	FALSE	-100	999983	-1	0	31	224	TRUE	0.0238982664762615	0.495048374807495	2772	7	0	7	0.0149347630399487	13392000	128
